1114
-19625
-3596
1531
-15633
15517
-30207
23481
16054
319
4057
29016
8223
13915
13957
9363
16813
4262
-21262
18957
-30909
-27436
-13862
14387
-18644
9884
-27989
15292
9601
13126
18215
-8058
-6335
-19515
18015
-301
7781
-15817
-14553
12809
-8096
-2974
-13207
16301
19466
-11185
32401
-13032
26852
8593
-3025
11082
15413
12037
27762
473
-20310
24578
3005
18968
6959
12174
25451
-28744
23795
-21883
19783
25452
-28428
15796
-22874
-31896
27509
19153
25798
31753
30009
-11454
3889
19561
-15803
450
-25151
-23195
-10137
-29138
-10205
12314
-14039
20525
4555
-2442
20811
3314
12358
14529
6690
-31651
12437
7756
9052
-8486
-6422
20712
-15320
-23626
-6947
21980
-22183
503
-9316
-31600
-13063
-19835
1995
10204
1026
12916
-9624
-9964
-30107
1444
-25304
-11945
-8063
19793
31053
-20977
-16081
-23931
21830
-22592
-22291
26016
14049
-2456
353
23925
-6080
28065
-770
-7200
18213
-21971
14665
-7807
12305
-23649
-6061
19533
-20704
-7798
29359
-4494
1472
22434
-17922
-624
31018
-1154
-20106
30374
-26149
-8048
-18
-26228
13357
-7203
-30193
-32573
-26996
-11111
24030
-1516
-24380
-5950
9381
-9982
19163
-17531
-15083
-4737
17657
4426
-2853
-27616
10175
-17117
22959
-28573
-17408
-5579
9869
-4152
-23600
-7291
-5872
-28444
-18590
-2527
17998
-20420
14751
-29619
-19842
2367
-19621
-17694
5875
-23648
-17432
3926
-9433
-13593
16407
22404
-7540
29775
-17449
3766
18321
-7069
-8940
23632
5929
-29731
18765
5183
-14889
-1055
22409
23572
6946
-4692
30630
-16070
29069
-28929
25376
17918
8179
4273
-20597
-9231
-24156
-8326
29653
-10445
-13569
6459
31174
-20355
-30072
6125
19593
-31748
16011
-30033
18796
-28623
-13502
18430
-1879
18289
27925
9483
28805
21536
-3653
14726
-14834
-5929
-3889
-10496
-31071
26641
-6064
30329
-32124
-23277
-3814
-14613
-31110
-27025
10736
-8112
-22794
-13639
-13264
-11249
-23406
-18784
13926
-2828
-11006
2317
-26717
-9182
-2699
-32751
-26815
-30451
32373
-1128
-28161
137
8428
-29383
11110
-9018
19265
31248
5333
18121
-12948
-3146
13070
-9966
10343
-1877
28452
15912
24863
19504
-19631
18628
-29910
5833
30665
26295
3808
8058
-424
-23152
-27336
-25605
-30533
28454
2213
-2351
28649
4946
-10400
27536
2675
18932
-23647
25817
-18737
-1275
30044
11054
21380
28521
16293
10290
23994
-161
-13212
-26379
8096
-5529
31642
-401
-5586
-9494
-31171
20237
-9596
-27094
-4885
18472
-11802
-6896
30800
-23226
-15351
-18313
30245
-6692
-25561
9243
24769
-19639
17382
3342
18429
7975
-6714
-21320
-20937
2646
-16875
-14743
3565
-30850
8519
26451
-8763
17933
-32564
-29972
19144
10386
-19164
29883
28873
-21579
-31787
-22548
-23039
-16213
-30608
-27733
-21261
-14317
-4627
-6726
-19218
-26583
-14123
-854
-12666
32528
25195
-26027
1040
-1971
24508
-15901
6028
9155
17969
-28645
4642
-24627
26109
-13160
-9931
30659
-6895
3979
5979
28427
-2613
-32348
-17771
-17712
48
-7656
7189
-9031
-8008
31619
23955
-26302
-30963
-17201
-21377
6663
31143
24921
-27834
-24836
-28418
-18209
-26866
-3739
-24441
-1227
-2499
1271
2019
-32736
-30143
-17082
30961
-27274
-5203
9117
26317
-29934
12587
20529
21860
-32698
8255
17697
12787
10812
25090
-19640
-16361
-29021
-5605
26403
6763
14576
-9034
15347
-16724
23812
-22117
9953
-7563
7612
25032
-9806
19987
-2682
-593
-14091
15265
5103
-27997
-2881
-25544
2680
-12836
23585
30625
-21538
26526
-22438
29899
-24834
-1738
26711
15450
-2255
4887
-5797
25098
-10571
4603
-24684
-1406
-18868
14193
16431
-17774
-10380
-8552
-31052
9153
6190
-16588
23948
-28305
2611
21259
16259
-26099
-25354
9669
-27979
-25853
19039
-19297
5105
-5728
29791
26123
8747
-14251
-22019
-31485
-163
-18025
-31987
-29429
27607
11023
19949
1347
28727
-26467
21456
15626
-25240
23750
-13578
15534
3942
-4966
-22468
4816
22702
46
-30344
2535
20560
27327
26229
-28777
18076
-16166
3793
31079
-2743
16577
-17515
19348
-29215
-1992
-5518
-28733
-23846
-32170
-22914
-21338
-24202
-7987
10316
19374
-28959
12861
22832
-16280
-21471
-8396
-8427
-21730
20341
13743
-3029
-7520
9001
18765
29388
-23444
23600
19030
-21336
-31052
-9895
-14058
-28263
14466
10193
26618
18461
21679
23315
15305
1259
-18406
11451
-9380
-14650
-13396
-26921
15463
8994
13657
30245
-8136
10692
24158
-31227
-27511
-17700
25896
30205
-5106
-4823
-7762
-14378
14546
-9882
21916
-495
-32209
20612
-30889
-13026
7978
-10701
-28659
-14965
-6583
9163
-24251
-31985
14313
32440
18858
17099
20629
23278
-32475
-1230
5009
4386
-17480
-29523
-18219
-21456
-14155
18157
25068
26937
28647
27774
29328
-19937
20179
18123
19522
10200
13216
-15032
19507
-14462
13578
-15968
6108
-525
-32685
4619
27421
-9145
-13511
4586
11975
17105
16050
-32325
-20016
12530
-14958
-18863
9286
14002
29447
10721
-25451
-21258
-15751
-11262
11091
-27644
-12727
-6302
-30262
28277
27606
23412
-22929
15531
-23307
20082
-5990
-11724
11791
21272
-4914
-30909
-6936
-21506
11649
12717
-26496
5026
-22795
13712
-13903
16581
-3380
9473
11002
-21172
24884
-1048
30689
10099
9746
22952
25183
-29024
-9901
1058
-8135
27900
-13062
-13880
15969
15906
-8855
-23393
11234
-32247
24635
9187
25383
13463
30007
7581
-25405
-31025
-26830
6150
-25004
21384
11419
-27598
-1151
5232
-28056
6461
-29508
-15123
-8713
-3519
-22262
-4541
-5146
-22564
-15794
23496
30504
-26398
30461
27327
-10160
-7458
8890
-12374
-21944
-18972
-11512
-20571
2891
-3086
19855
-6035
-4426
-3928
-20934
6844
8888
26228
-14262
-27977
-16253
25883
12951
30994
10563
-11165
-23836
-8242
148
-32094
-15472
16846
28376
-31946
-13457
-5162
469
26248
2628
-15613
-16443
-18398
-5916
26096
10828
11152
4625
19278
-15530
-31747
-32705
26181
-28130
5328
-5791
-16799
-19114
-24437
28228
-16175
-4583
-21970
-28382
9161
-28237
-9280
-29514
31534
-32606
13437
19613
-17096
-9851
8786
16367
-4701
-23301
-5739
23075
-24814
-21282
-19746
-8468
3085
-7124
-22915
12578
6485
-24566
-9577
32208
-8448
29444
-14792
9846
22581
3916
-14651
9398
1447
27701
-29317
16011
-31436
-1541
29163
-19267
-15764
-31176
-744
25988
-2814
4644
-16448
-22073
27984
-23812
27513
-7804
30242
6787
31366
19670
13154
-6494
-25826
-28587
-16753
-30113
8740
16132
20160
20418
-800
26275
12009
-24191
-22912
14018
-13021
-1324
5534
-9970
372
9555
-14343
1218
22095
6445
16458
-21864
-30677
8063
29122
-29447
-4531
16759
15181
2157
13328
23596
-14916
7172
14725
5271
18698
-16139
17612
5896
836
21096
-5615
-30194
-16394
-16009
10602
