-25269
7138
13393
-21245
-7174
8598
-247
3757
-12715
6775
19790
29146
-21658
-8577
25149
9733
-28953
6266
24622
14894
-7658
-1275
18592
-3733
6323
-4475
-30855
2459
26215
-23965
-15643
10877
16738
-14025
-28103
25472
-21191
-6145
924
19372
-26084
-21639
17627
8916
-24650
10039
-2422
-32590
-1301
-22191
2069
-26501
-8085
-31088
-20408
-31619
-31441
17311
20464
1516
-2298
14116
-14957
26468
28228
24425
12061
-31852
6253
4083
344
24299
32295
-29260
12831
4868
-11344
-5388
16974
-29376
-14921
-28318
29043
19341
8050
-10401
-6344
30317
8060
-26617
31483
-31732
-16880
-4925
-15021
-14100
27890
-19241
-4928
14057
26138
-20656
6376
-9196
-5947
31734
-10855
-2925
18481
17459
14612
-25148
5461
2301
2172
-5958
1776
7313
20139
-31637
7896
-14865
-3948
30218
-10125
25211
884
17311
-8617
-10354
13367
-30299
-18593
30266
-9134
8924
11379
11136
-30802
22826
7477
-26884
-3744
-23907
19208
29928
2012
-16609
-10150
29141
1623
10770
-29440
13181
20639
-9267
-21236
-20334
-29518
-32661
-25609
29211
-12094
28345
25872
27966
32618
-28530
4616
-207
25206
-7037
-22713
-10425
30164
-22854
-2452
-31322
22435
-5041
18284
619
-4444
5542
-17586
-5775
-18743
15542
8213
-21157
-9979
31571
-32738
-3542
-29355
-20379
-16846
13344
-30659
19850
-30880
-12135
18793
30971
-19451
-16330
-19797
-26653
-31649
-32169
17985
-30423
14916
-26221
23205
-1247
-13181
-23757
20985
27328
-18818
-11646
30325
-23393
-10607
19387
-21235
10171
-17527
20463
10945
19162
6466
-18184
24732
-1442
31623
24315
1450
8666
2320
21423
14185
9762
7081
7819
10023
-25883
-12237
-1040
17161
23909
26400
27221
31570
6935
-32500
-6853
-2525
7322
-20084
13619
-5373
-4631
3514
-14638
6862
14131
1781
-16088
16450
-31570
-23261
-3609
-30367
-15955
23360
-19636
17597
-2226
-26821
19420
16920
28349
61
11960
-11668
-1044
14110
-5829
807
32189
25198
10505
8519
7288
-12184
-15253
-32605
-32039
-27014
22273
22022
3497
17475
-9898
27649
-24794
24101
-14761
-21215
13074
32434
-21912
4401
5076
-26163
25446
28695
26795
15300
20967
26671
7960
-994
-11912
-31415
13666
26194
30150
-12439
-2719
-22787
-16007
15973
-24594
-32555
15704
4325
-15304
-26872
-17933
-14487
29236
28739
-21918
28006
23279
29609
-26250
-16703
-6136
31213
2566
6518
22917
-3470
28834
13684
10845
26226
7839
16643
-22803
-6025
-15042
-6926
-18394
27071
-12583
20085
25942
-13122
-27571
4447
-18616
-29659
-28528
10718
24958
28274
-4292
-3791
32336
8876
-28728
-20616
1809
23251
-8885
-20746
-20506
-24217
-26725
-17869
17673
7035
27973
24845
-8791
-7242
3538
-17238
536
10065
-11156
22333
3619
28943
15956
13038
22894
29978
6833
-12381
2792
-29188
-11480
21095
-5439
-10864
-9882
-18845
26975
9042
6285
-22663
-869
7432
-12808
-23400
-4850
1565
12857
21681
-4341
-1440
17805
29273
29468
-28919
23450
3185
-9648
-17992
-30833
13954
-15734
-12893
-15292
-12415
18226
-12407
25212
-14773
-5260
30892
17756
-14477
1723
-25268
-13746
18305
-3397
25902
-12964
-24093
-22860
-7240
26007
-30568
-3264
8124
-6622
29454
92
-11571
23375
32731
-30063
-17231
-6668
-3084
9261
11356
1688
21549
19714
32440
11204
29047
12388
-13498
-30751
-28804
-29613
10219
-28738
31611
3366
-26498
18122
30811
31470
-186
17407
17786
1265
25312
-6725
-12588
26604
8658
-1820
23591
13224
-636
12057
-6189
-5606
701
3863
-14936
-17607
-26793
-22109
-27873
-4810
-18728
-3333
-22663
15558
11858
-2149
-16978
12524
-18606
-6058
-3832
-15949
16457
9866
18828
-22731
20913
30414
26453
-9998
-16385
11798
-24055
-14638
20152
11910
-7963
32632
-6200
-15437
21779
7280
611
-17082
-10167
-26384
30921
14908
13434
8881
16621
22922
197
25331
13771
-25445
-12259
7855
15068
-24198
9750
18955
-16358
25160
1632
-10029
-17251
23905
26280
23294
7503
1854
-10655
17264
-13800
15442
24679
18728
-8386
8052
-3319
-27424
-662
-6656
-20181
-17114
-18933
-29397
16228
3691
10124
-9157
25526
9481
15148
-30460
-4944
-8879
-15992
24435
-15878
-8925
-19879
-7651
-25395
27310
6160
-4207
-8703
12162
2701
3455
-20971
-30935
-6655
23204
-637
20075
-20749
31438
-27154
-32451
12732
8412
3133
17211
-4589
-9105
-9110
12721
10762
-9922
-3448
-21577
7716
14399
-6842
26032
31282
17290
-30925
-15329
-22921
-7511
3559
16700
7023
31529
32542
-28595
-32055
10922
7786
8284
-30475
-18757
-800
27862
8677
22380
-13812
4628
14216
-25680
28287
-19268
24811
-25572
-22225
22210
14074
8989
7269
23686
8393
15547
-3407
-23068
-13095
12265
94
17836
32318
-28207
-32551
-21968
21814
-2040
16571
6300
32341
17627
27275
-6470
24329
21008
14586
17633
2729
20887
14213
-232
-15993
16660
12597
-13228
-24604
-11311
8740
13387
740
-27373
7324
-13814
-23038
-25027
5992
18189
-30220
-8007
30119
12153
-22841
10694
19209
-31136
26237
-14224
27344
-8679
15441
27060
-29135
31079
27734
-15368
22606
15837
-22726
8431
-30973
19083
12733
-10134
-8685
-26624
239
-19409
23866
28608
25627
-693
30744
-23496
23693
2986
15277
-23939
-17121
3935
15266
8635
-9613
-25006
1714
-23869
18741
-12485
-10861
28334
18010
1600
-28699
-1879
-8814
-28196
-13615
-21769
7166
2570
8511
-7405
2568
-29946
-9323
-20858
5088
-2832
-7559
8954
11137
15816
-5520
-15624
-14100
-2069
27467
10947
-25324
7798
-2410
-21274
-14040
-2767
1333
-26883
-4326
-14507
-23156
-14678
-32262
-20665
18880
953
8494
6838
23518
22385
22708
-8058
21571
-9650
-30085
-6691
30269
-10693
2989
16652
-9277
-25379
16893
21140
-7187
-14689
-20490
-21183
-14488
-30963
-5414
21142
-5672
-10619
2532
-2738
-4365
10426
18797
-15151
7147
-18086
-8232
-29432
-10411
-30738
23918
-11332
-14938
-5209
22758
-28732
22939
21617
26753
21270
-29936
3570
9890
-29260
-7498
6093
-18035
18614
-18591
-13739
3603
5018
-14358
31774
-19786
29729
-1919
-20201
11661
-20070
-4961
5245
-15664
-12085
26742
21096
15048
31280
-2503
12370
6713
13054
13756
11194
24163
-17532
32001
26161
-890
1999
-15604
-23738
-17072
-10410
-14667
1515
-6041
3886
-26204
9366
-16875
-23205
-32356
-14551
-19863
11969
15695
6736
18959
-23293
3507
-28247
-25463
-30855
-23961
-7043
7208
10082
-28298
-4768
-27923
270
13056
19395
-4205
-17776
25008
10931
12134
-25989
-26332
-24047
19530
28651
7944
8976
-13736
5678
-26406
-1065
29456
-24304
26536
-15520
-8917
27197
-4695
28851
-29137
-412
32502
4345
10804
4202
30307
11033
-13588
-21771
4987
-26466
-13238
-30068
19120
-6367
-20960
27016
15028
-30000
